100,937,26011300
100,100,1895398700
244,657,2982418267
244,307,3640062284
240,736,1002383
240,3,101895158
114,623,109076287461
114,359,387000000
159,403,80000000
159,831,1001092
147,659,10939950000
167,685,46150000
118,603,350000000
118,778,12536790000
88,337,78000000
88,682,34860000
235,29,99000000
235,349,3648154807
235,272,3648154807
235,790,3648154807
235,415,3648154768
235,456,1490052
98,328,2503683234
54,495,2518891
54,54,35624485
68,323,70000000
68,726,2629990000
152,513,72923403
152,707,1076597
104,639,33852841041
104,346,200000000
133,741,2954900000
133,723,9000000
146,457,100000
146,734,1430833906
241,757,740000000
241,241,2021602800
43,392,200530000
43,241,1797360000
94,557,1927720000
94,479,160000
116,850,1435658
116,291,3800000000
220,928,130000000
220,220,141047000
214,573,13429409561
214,776,11171347579
169,562,74875000
169,518,6189143320
141,313,10117954494
141,299,10680929378
249,654,39950000
249,785,1040000
91,436,100000
91,869,1810833225
243,475,215000000
243,508,1328512476
243,656,3339428
0,286,109130000
185,378,10700000
185,185,183486532
99,852,18000000
99,435,2326500000
202,582,120000
202,747,1499330000
145,855,500000000
145,574,3925575000
145,268,1239765
112,650,155000000
112,632,3564435921
112,408,1618799
14,481,390000
14,461,1999060000
204,494,150000
204,716,1999640000
176,80,50000000
176,918,1945215000
176,902,2348156
37,710,27387218908
37,464,2500000000
37,189,5700000
37,390,53215240
37,423,1023090675
128,889,1000000000
128,571,1590000000
128,792,2217189
183,583,322500800
183,750,59591805700
28,572,3300000000
28,681,2971513412
28,635,1761676
208,3,20000000
208,208,20076960
149,444,147000000
149,407,1653000000
149,684,3239424
155,397,1073000
155,193,75250000
137,868,5000000000
137,330,2829549488
137,472,3289465
78,473,110000
78,851,1999490000
11,365,4000000
11,11,1000000
209,501,7679311
209,209,21747500
13,5,6167550000
13,789,990000000
79,724,270000000
79,938,1671910000
229,266,1001000
229,304,20899000
233,517,410000000
233,515,890000000
233,683,2202263
2,531,200000000
2,521,1090000000
2,486,1598194
33,406,2000000000
33,33,9062950253
49,849,24500000
49,379,4379646
232,622,50000000
232,440,131759
6,692,1455507
6,396,117582300
156,519,5500
156,3,994500
3,63,5460
3,3,894540
156,519,5500
156,3,994500
156,920,5500
156,3,994500
156,519,5500
156,3,994500
3,42,5460
3,412,894540
3,915,5460
3,3,894540
156,519,5500
156,3,994500
156,519,5500
156,3,994500
156,519,5500
156,3,994500
3,713,6500
3,3,1193500
80,386,50000000
80,647,2764801
3,713,8005392
3,3,48133957
3,617,2006348
3,412,81889064
212,466,420000000
212,591,1118193
47,301,80930000
47,4,6212537742
166,522,100000000
166,633,23284452
92,674,34767585
92,620,33000000
105,288,3672527
105,900,731392
5,9,5687500000
5,941,480000000
108,883,970750000
108,634,5000000
134,526,1257261781
134,643,8040665
216,739,7000000
216,253,10950000
223,465,4800400
223,908,1149600
125,269,1504737
125,395,90850
254,492,70800000
254,607,22000000
163,3,1000000
163,294,9950000
4,936,28919000
4,16,6183568742
253,932,5900000
253,350,5000000
16,842,61700000
16,171,6121818742
171,490,1287509370
171,27,4834259372
27,82,4400216672
27,583,433992700
82,275,13650000
82,126,4386516672
126,48,4367086672
126,846,19380000
158,804,6000000
158,944,374285
84,437,4180536
84,525,1750160
9,882,460000000
9,257,5227450000
48,658,297400000
48,30,4069636672
30,575,82123773
30,248,3987462899
257,242,4387400000
257,606,840000000
242,756,690000000
242,35,3697350000
248,541,21341838
248,921,3966071061
35,579,2977300000
35,281,720000000
168,325,10000
168,168,66208356
97,438,120000
97,875,493697619
222,556,202082565
222,680,100000
164,372,36562904
164,566,100000
10,553,31365000
10,823,100000000
42,3,3480000
42,42,2498080
86,765,100000
86,613,539361373
75,507,110000
75,536,1999680000
245,769,189680000
245,303,110000
143,539,18974493
143,644,410000
119,727,267646007
119,318,120000
206,502,32773400
206,581,545076600
180,781,32321785
180,661,130000
57,627,19820000
57,729,130000
228,721,573421341
228,905,150000
21,354,59830000
21,830,120000
174,793,198280000
174,704,422520000
50,648,24650000
50,263,100000
3,331,7000000
3,3,1411189851
3,713,10500
3,3,48612239
3,331,7000000
3,3,1412903242
3,331,4500000
3,3,907642771
3,331,4500000
3,3,898263540
3,827,1071052
3,3,49038448
3,197,27500
3,412,8336000
3,837,1071052
3,412,3369548
3,331,4500000
3,3,898263540
3,713,4402965
3,3,54816386
3,331,4500000
3,3,911852040
3,447,1345928
3,3,69224072
3,197,100000
3,3,26942500
3,374,4475642
3,3,6174963
3,42,6810360
3,3,89282179
162,554,2595707
162,19,12000000
199,348,1098185
199,199,7925000
18,341,1298141
18,784,1652029
15,699,1668215
15,400,7082569
255,859,34000000
255,264,1251166
190,906,3950000
190,897,30650000
199,199,1592900
199,768,1477100
44,652,1728309
44,44,63021
44,904,1728309
44,44,384924
44,590,1021270
44,44,41686
42,3,1000000
42,42,5593580
3,42,5460
3,3,16115885
106,832,200000000
106,364,3389465
42,3,1680000
42,42,35354574
3,42,8400
3,3,4933100
60,453,200000000
60,284,1439653
239,922,930001
239,523,302304
46,267,126000000
46,338,674000000
46,551,463153
221,64,100000000
221,584,383597186
221,890,96327
64,891,100000000
64,595,1839801
34,585,300000000
34,655,600000000
34,625,2939791
8,431,510400
8,271,229721
8,810,1189652
203,175,154000000
203,761,646000000
203,433,3464763
175,907,154000000
175,593,2338578
142,801,120000000
142,548,208903557
142,666,93114
113,172,55000000
113,701,135000000
113,675,2077301
172,446,55000000
172,748,1961676
103,177,1000000
103,393,172055637
103,728,3314801
177,926,1000000
177,862,3464801
31,314,12000000
31,703,59490156
31,874,2714651
67,110,300000000
67,758,297000000
67,745,1391610
110,527,300000000
110,737,149642
259,802,2495407
259,259,874449
259,55,2214811
259,259,834269
44,835,1021270
44,44,183683
259,652,2415236
259,259,933844
259,55,2495407
259,259,873673
29,881,100000000
29,621,2077263
261,543,62930000
261,499,1000401
40,834,699000000
40,339,111000000
40,285,1902301
200,545,200000000
200,895,1268628405
200,344,1761638
207,935,1000000000
207,262,395781000
207,332,2098231
53,387,1000000000
53,450,60000000
53,279,1433724
191,58,86000000
191,838,104110000
191,807,485400
58,725,86000000
58,426,565786
93,460,500000000
93,646,493210000
93,421,345621
178,144,100000000
178,430,36873754
178,361,3039791
144,614,100000000
144,371,3239902
230,690,12000
230,848,12000
230,626,42000
230,754,18000
230,886,30000
230,856,6000
230,559,18000
230,282,958330000
230,369,24000
230,376,12000
230,565,42000
230,602,6000
230,335,6000
230,929,12000
230,439,6000
230,363,18000
230,901,6000
230,884,6000
230,762,24000
230,777,6000
230,668,6000
230,427,6000
230,730,6000
230,373,6000
230,384,12000
230,388,6000
230,779,30000
230,742,6000
230,309,6000
230,860,6000
230,764,12000
230,561,6000
230,611,6000
230,923,6000
44,55,1021270
44,44,589294
120,463,2000000
120,806,1000000
120,383,1044660
120,940,1000000
122,434,9990000
32,506,13370000
32,305,883257
237,259,4500000
237,590,283872
131,259,8510000
131,237,4657440
85,61,1700000
85,476,1351945
89,61,1230000
89,55,1715726
186,62,1000000
186,835,1775616
213,123,1210000
213,87,1628898
161,534,1600000
161,321,775597
237,534,1600000
237,879,764491
251,419,1100000
251,277,1725470
153,660,1760000
153,362,1015597
7,61,1230000
7,767,1545597
136,419,1100000
136,55,1632195
237,123,1210000
237,398,1656415
117,534,1600000
117,540,160500
55,61,1700000
55,432,1343379
129,238,1300000
129,720,1374937
237,61,1200000
237,322,1436769
7,538,1300000
7,766,1497527
124,61,1700000
124,809,1097527
182,706,324240000
193,930,75240000
121,336,631439376
121,360,50000000
179,445,16900000
179,179,24144
184,458,43121271
184,615,301748729
246,610,251107
246,310,90010000
170,498,1390000
170,480,509217000
224,604,18000000
224,224,61501835
17,755,250000
17,17,560000
187,840,27750
187,664,20862250
39,45,46651000
39,293,7414000
231,631,27750
231,893,21862250
130,512,16499
130,538,1900000
160,537,303000000
160,796,1662500000
26,514,20000000
26,443,7873210000
1,417,1040000
1,414,29950000
210,278,5575000
210,333,2380180000
24,514,20000000
24,73,3798319098
73,23,3793309098
73,454,5000000
23,454,5000000
23,74,3788299098
74,514,20000000
74,319,3768289098
111,76,15090000
111,771,5000000
132,401,1216305
132,63,28850
217,63,28850
217,808,1211233
192,885,12384582
192,326,1466418
69,528,59962250
69,631,27750
227,866,2314000
227,649,4851000
66,503,1000000
66,567,1660130
196,83,200000
196,196,2290000
225,631,27750
225,853,1660568
45,462,1858000
45,38,44783000
76,933,15000000
76,441,80000
65,123,1007804
65,65,27227396
102,109,100010000
102,404,50180161
109,355,100000000
234,861,1585843963
234,487,156103328
150,503,1050000
150,150,1654804
258,550,500000000
258,618,1232490000
226,63,28850
226,619,1211052
101,825,1061003
101,63,28850
20,679,52900000
20,939,90000
38,780,37804000
38,340,6969000
83,22,183500
83,196,5500
157,327,506400
157,157,1529400
211,934,6000000
211,211,12054074
205,381,5166353
205,205,397647
61,752,5460
61,280,1184540
61,237,5460
61,280,1184540
62,772,5460
62,44,1184540
71,237,5460
71,280,984540
72,767,5460
72,424,984540
72,117,5460
72,424,984540
71,599,5460
71,280,984540
71,51,5460
71,280,984540
96,451,5581210000
96,96,6000000000
56,887,41000000
56,56,22880000
154,638,38881233
154,913,135050000
181,317,2700000
181,181,66770000
201,500,6143449
201,201,3946551
198,3,5500000
198,198,93082072
198,903,10000000
198,198,76662000
259,51,20000
259,259,5970000
259,788,20000
259,259,5970000
259,590,5460
259,259,1984540
259,601,5460
259,259,1984540
259,321,5460
259,259,1214540
61,136,5460
61,280,1184540
260,322,5460
260,280,984540
238,925,5460
238,424,984540
41,3,14000000
41,41,204950000
173,3,1000000
173,173,26936568
194,735,7897540
194,194,29467420
148,911,1148000
148,148,6738000
247,316,78784620
247,247,51185380
236,667,100500000
236,236,5519196
123,786,40000
123,280,9950000
259,237,28000
259,259,7562000
259,788,17350
259,259,5442650
63,863,100000
63,63,580000
61,153,5460
61,280,1604540
259,590,5460
259,259,1214540
72,663,5460
72,424,984540
238,912,5460
238,424,984540
195,503,7770000
195,3,2340000
195,195,17544088
52,798,290000
52,628,255410000
52,839,1003360000
52,824,310410000
197,3,20000000
197,503,10000000
197,3,5000000
197,197,20983920
87,44,1000000
87,51,2478010
237,238,1300000
237,671,731880
237,538,1000000
237,87,587320
237,538,1000000
237,651,2043446
237,44,1000000
237,925,2356778
51,238,1300000
51,671,1059964
237,259,7600000
237,894,1980458
127,711,180000
127,731,20000000
19,558,12000000
19,468,4862308137
107,670,105200000
107,356,8574465
77,274,2000000
77,715,10955
36,717,990000
36,629,2212320
138,819,1031425
138,63,140190
215,287,1001109
215,63,28850
90,22,1700000
90,250,1461533
250,83,1500000
250,469,22277
83,250,5500
83,22,1483500
70,813,100000000
70,115,9890000
22,90,2213167
22,22,159333
151,714,50000
151,151,86003
189,943,5898343
189,189,548413
63,877,60000
63,63,650190
63,877,60000
63,63,609040
63,877,60000
63,63,539040
63,877,60000
63,63,497890
63,877,60000
63,63,427890
59,798,6000000
59,592,31399983
59,409,77000000
165,791,3963528
165,718,5092353
165,306,17095036
115,449,250000000
115,115,7955000
188,483,92745000
188,343,1231874
188,673,200000000
188,798,6000000
188,296,65856667
188,816,107690000
256,3,100000000
256,283,1645311
63,315,10000
63,63,465590
219,586,34200000
219,219,1585095
95,418,7000000
95,95,277247
140,342,102250
140,597,256030
140,662,109850
140,841,614450
140,691,3365670
140,738,110050
140,811,102700
140,751,101350
140,688,105100
140,452,105100
140,290,117450
140,345,100550
140,605,100550
140,455,255450
140,298,133250
218,598,10000
218,218,280639
12,503,2000000
12,12,3150265
252,394,1933793896
252,535,1000090
135,931,89000
25,276,1001334
25,22,6300000
22,25,6576700
22,22,100800
81,578,190156868
81,81,83991755
81,524,40798324
81,81,43183431
139,589,104038697
139,505,89346416
139,420,49482298
139,740,10766353
139,552,10033528
139,870,8059410
139,637,4792638
139,504,4492919
139,899,3392075
139,422,2064645
139,529,2057640
139,334,2046103
139,511,1993729
139,770,1741514
139,564,1687907
139,746,1675186
139,270,1583803
139,744,1255463
139,428,1235477
139,799,1222898
139,570,1035809
139,375,936441
139,694,894003
139,865,883934
139,533,871302
139,817,867222
139,794,846925
139,411,842490
139,640,840574
139,560,805303
139,760,789292
139,828,761357
139,402,736404
139,829,622901
139,708,616488
139,803,610553
139,389,606339
139,873,507403
139,478,495552
139,497,486885
139,549,470695
139,347,468185
139,709,2065127364
139,612,456884
139,509,450772
139,530,446842
139,854,435824
139,532,435611
139,273,435549
139,289,435452
139,491,434813
139,696,433154
139,351,432382
139,367,432196
139,672,430120
139,353,429765
139,705,429588
139,864,428506
139,697,426483
139,474,426465
139,477,424611
139,385,423857
139,366,421427
139,600,420504
139,297,416566
139,399,415670
139,797,414490
139,496,409167
139,391,398442
139,609,394282
139,898,388241
139,413,386094
139,405,265735
139,669,258221
139,516,243079
139,818,239158
139,442,239140
139,410,237126
139,357,235618
139,916,233427
139,888,233055
139,520,228690
139,645,228034
139,588,227484
139,774,223075
139,493,222010
139,858,221558
139,555,220839
139,377,219216
139,942,218116
139,763,215579
139,653,215304
139,416,214887
139,695,213610
139,368,212927
139,722,212208
139,787,211561
139,773,211232
139,867,210603
139,805,209902
139,749,208678
139,448,207711
139,576,206903
139,878,206415
139,546,205165
139,914,198973
139,484,184159
139,329,119162
139,820,107559
139,689,101917
139,815,95566
139,836,84876
139,782,80920
139,759,78507
139,608,77469
139,312,77407
139,833,75482
139,871,74444
139,320,73983
139,702,70789
139,719,69902
139,892,60677
139,489,59612
139,380,58991
139,687,58015
139,909,56596
139,641,56241
139,917,55975
139,482,55709
139,308,55620
139,822,55620
139,712,55177
139,616,54733
139,919,53225
139,358,51983
139,927,51628
139,302,50120
139,843,49322
139,300,49144
139,292,49144
139,324,48612
139,676,45774
139,485,45241
139,800,44798
139,896,44620
139,636,44354
139,857,43911
139,542,43290
139,872,43290
139,544,43201
139,459,42225
139,753,41959
139,844,41782
139,910,41249
139,642,41072
139,594,40983
139,587,40983
139,265,40717
139,429,40185
139,295,40096
139,471,40007
139,596,39919
139,775,39830
139,563,39741
139,876,39741
139,795,39653
139,880,39564
139,624,39475
139,732,39387
139,510,39298
139,693,39298
139,665,39120
139,630,39120
139,845,39032
139,577,39032
139,826,38943
139,370,38943
139,924,38854
139,547,38854
139,352,38854
139,821,38854
139,425,38854
139,677,38766
139,814,38766
139,569,38588
139,698,38499
139,580,38411
139,568,38322
139,686,38145
139,812,38056
139,488,38056
139,847,37967
139,743,37878
139,783,37878
139,470,37701
139,700,37701
139,678,37701
139,382,37612
139,733,37612
139,311,37524
139,467,37524
